0000000000000000000
0000000000000000000
11111111111110000000001000011001
0111111110111101011
11111111111110000000000101111000
0111111111010001100
0000000000000000000
0000000000000000000
11111111111110000000010000101001
0111111101111101001
11111111111110000000001011100010
0111111110100110000
0000000000000000000
0000000000000000000
11111111111110000000100001101011
0111111011111011100
11111111111110000000010111100010
0111111101001100101
0000000000000000000
0000000000000000000
11111111111110000001000101001000
0111110111111010001
11111111111110000000110001000001
0111111010011011001
0000000000000000000
0000000000000000000
11111111111110000010010001100000
0111101111111110110
11111111111110000001101001111110
0111110100111011110
0000000000000000000
0000000000000000000
11111111111110000100111111110101
0111100000100000111
11111111111110000011110011011011
0111101010001001010
0000000000000000000
0000000000000000000
11111111111110001011101101110001
0111000010111100000
11111111111110001001100000010100
0111010101001111010
0000000000000000000
0000000000000000000
11111111111110011101100010100111
0110001100001110110
11111111111110011001111011000011
0110101101100110110
0000000000000000000
0000000000000000000
11111111111111001100101010111001
0100101010110111111
11111111111111001001000100100001
0101100011101111010
0000000000000000000
0000000000000000000
0100110000011001101
0001110110100001001
0101011000101001010
0011001001111000010
