1000000000000000000
0000000000000000000
0000000000000000000
1000000000100011001
11111111111110000000001000011001
0111111110011010010
1000000001001010111
11111111111110000000000101111000
0111111110000110101
1000000000000000000
0000000000000000000
0000000000000000000
1000000001001001000
11111111111110000000010000101001
0111111100110100001
1000000010011100011
11111111111110000000001011100010
0111111100001001100
1000000000000000000
0000000000000000000
0000000000000000000
1000000010010001011
11111111111110000000100001101011
0111111001101010001
1000000100110111110
11111111111110000000010111100010
0111111000010101000
1000000000000000000
0000000000000000000
0000000000000000000
1000000100100000111
11111111111110000001000101001000
0111110011011001011
1000001001101100010
11111111111110000000110001000001
0111110000101110111
1000000000000000000
0000000000000000000
0000000000000000000
1000001000111100000
11111111111110000010010001100000
0111100111000010110
1000010011001111001
11111111111110000001101001111110
0111100001101100100
1000000000000000000
0000000000000000000
0000000000000000000
1000010001100100100
11111111111110000100111111110101
0111001110111100011
1000100110000000010
11111111111110000011110011011011
0111000100001001000
1000000000000000000
0000000000000000000
0000000000000000000
1000100010000111010
11111111111110001011101101110001
0110100000110100110
1001001010011110010
11111111111110001001100000010100
0110001010110001000
1000000000000000000
0000000000000000000
0000000000000000000
1001000000111100011
11111111111110011101100010100111
0101001011010010011
1010010000010011010
11111111111110011001111011000011
0100011101010011100
1000000000000000000
0000000000000000000
0000000000000000000
1001111000011100101
11111111111111001100101010111001
0010110010011011011
1100010100011100000
11111111111111001001000100100001
0001001111010011010
1000000000000000000
0000000000000000000
0000000000000000000
1011010001010001100
0100110000011001101
11111111111111110100101001111100
1111111001010100100
0101011000101001010
11111111111111011010000100011110
